0:
###
#.#
#.#

1:
#..
##.
.##

2:
##.
###
#.#

3:
..#
.##
###

4:
##.
##.
###

5:
###
.#.
###

39x43: 23 41 27 30 29 31
46x35: 21 36 27 22 36 22
35x37: 37 35 27 41 38 23
48x41: 60 50 37 45 53 57
39x49: 45 36 55 46 51 57
40x37: 35 41 41 40 37 35
41x43: 52 47 41 37 42 52
42x45: 30 29 36 34 45 35
44x35: 33 22 28 27 15 28
41x46: 63 44 48 41 45 47
49x45: 56 72 54 50 57 54
43x43: 45 50 42 52 52 45
49x35: 53 48 43 34 42 44
45x49: 55 56 66 54 55 53
41x43: 31 34 28 27 29 32
48x37: 41 44 48 45 56 39
38x50: 26 33 33 34 32 34
47x50: 42 51 35 38 38 36
39x50: 46 29 31 33 30 39
45x38: 40 50 51 44 50 30
40x35: 30 22 26 26 16 22
43x43: 39 43 30 36 26 22
37x45: 34 33 30 27 26 29
36x36: 37 33 29 30 38 32
50x48: 48 40 39 25 57 47
48x41: 36 31 36 37 32 36
43x43: 44 44 46 43 66 40
50x36: 25 29 39 29 37 32
47x40: 44 40 49 54 48 53
49x49: 64 66 61 56 58 65
40x38: 42 34 45 33 36 42
48x43: 48 47 52 60 61 49
44x48: 40 24 35 37 55 33
36x40: 41 33 38 31 33 44
35x41: 26 30 16 30 17 23
42x43: 34 37 33 28 30 34
37x36: 20 19 19 32 27 26
35x42: 38 42 38 40 37 33
40x50: 46 55 46 52 56 54
37x35: 23 33 38 36 29 41
37x35: 37 30 27 23 41 39
45x50: 32 43 47 45 30 42
48x49: 32 45 44 34 51 49
48x49: 48 40 37 40 45 45
41x40: 47 50 41 37 41 38
40x42: 36 31 43 49 47 50
38x46: 28 37 25 36 26 27
47x45: 53 47 67 49 49 58
45x44: 34 37 33 37 36 33
50x50: 66 58 75 62 61 61
48x48: 47 59 64 67 65 54
44x35: 34 46 30 40 45 44
50x35: 32 29 20 25 37 33
35x42: 22 24 24 32 25 26
35x49: 52 42 32 48 39 51
37x37: 20 25 20 20 30 28
37x47: 32 23 41 28 29 27
41x36: 28 45 35 43 38 41
47x40: 47 42 60 44 42 52
45x38: 20 37 38 32 23 29
36x44: 36 40 36 50 37 46
38x49: 41 50 51 51 42 53
43x44: 37 35 25 35 28 35
47x39: 22 35 33 33 41 31
40x39: 22 32 31 25 24 35
35x48: 25 36 26 28 32 29
46x46: 56 52 44 54 64 55
38x35: 45 34 39 36 19 32
35x48: 27 30 30 29 34 25
37x48: 55 47 47 40 42 42
40x38: 20 29 28 23 29 26
37x36: 40 33 34 29 33 35
36x41: 34 42 39 42 34 38
41x41: 36 42 52 39 43 46
47x43: 55 58 51 51 51 47
37x38: 23 34 23 27 16 20
36x41: 31 29 29 21 25 21
39x46: 51 38 49 39 46 50
35x39: 36 27 40 36 37 32
43x49: 28 39 42 38 40 36
44x49: 45 27 41 40 30 40
47x45: 36 40 32 49 41 27
41x36: 23 21 24 36 26 26
50x47: 44 51 63 67 65 70
44x36: 34 45 33 45 44 45
39x38: 35 36 46 48 27 37
46x43: 31 35 39 36 33 36
38x50: 54 64 43 50 50 36
47x40: 53 51 40 47 40 59
49x37: 53 52 43 47 42 44
48x36: 33 35 37 30 36 21
37x47: 41 30 32 27 26 24
37x48: 48 49 45 49 39 45
41x50: 43 26 31 35 40 32
50x47: 52 56 75 57 55 65
40x50: 50 50 46 67 50 47
49x45: 45 40 34 48 46 26
36x49: 47 22 31 33 31 28
35x46: 38 47 40 44 42 39
50x41: 52 56 56 56 46 51
37x40: 44 33 37 35 34 43
41x45: 36 32 35 28 27 36
40x43: 27 37 25 31 30 31
50x50: 39 41 41 51 38 45
44x37: 35 31 33 18 33 18
50x42: 29 43 35 36 42 39
50x36: 31 26 31 34 34 36
39x39: 39 32 43 37 51 30
44x35: 26 33 21 28 24 22
48x46: 60 52 39 65 65 59
41x45: 40 51 49 60 35 52
45x42: 51 42 45 47 45 59
46x47: 49 58 61 51 48 66
35x45: 39 48 43 43 35 37
47x46: 60 52 53 57 50 60
47x41: 34 31 25 29 40 36
50x47: 51 61 58 67 58 68
35x44: 32 28 27 35 17 14
49x35: 47 41 47 42 45 41
42x49: 60 55 55 49 54 44
37x42: 35 30 30 17 22 34
42x47: 51 50 54 44 51 53
43x41: 50 42 47 40 49 42
49x41: 43 36 36 32 25 36
49x41: 54 50 43 60 49 54
35x45: 33 21 27 31 30 22
43x41: 41 54 51 44 38 46
48x50: 64 68 57 53 60 68
42x42: 50 41 48 49 40 43
50x39: 34 33 35 29 36 40
40x42: 34 35 28 20 29 35
37x38: 31 43 39 39 35 32
43x35: 24 26 21 24 24 35
44x49: 33 41 40 35 37 38
47x40: 65 52 40 43 38 52
44x43: 30 28 41 38 22 37
50x35: 42 41 48 41 52 44
39x39: 30 24 37 27 29 21
37x36: 24 19 27 30 20 23
35x35: 33 36 27 23 34 36
41x45: 32 30 36 36 31 29
37x44: 39 42 44 36 39 50
50x50: 69 72 64 64 57 61
35x45: 39 38 47 35 38 44
41x49: 57 50 56 39 61 44
46x44: 34 35 25 39 36 41
48x49: 39 50 48 30 42 47
49x44: 38 29 45 37 38 37
38x36: 19 13 23 33 27 28
37x44: 28 27 29 27 28 29
43x50: 46 34 38 42 33 31
43x35: 41 33 38 37 42 39
40x49: 53 54 53 58 39 47
39x47: 24 33 36 33 42 27
35x39: 27 25 16 26 25 24
39x35: 29 21 20 26 26 21
48x38: 48 54 42 46 53 40
48x41: 61 52 55 46 44 45
36x39: 41 38 36 37 34 31
37x42: 17 31 30 34 25 31
38x45: 47 55 39 47 41 38
38x39: 25 33 27 23 24 24
45x44: 55 40 49 53 57 48
48x40: 32 43 30 36 34 33
40x48: 42 35 33 34 34 29
42x50: 41 38 41 30 32 42
46x44: 41 50 56 66 41 59
43x46: 32 26 40 46 33 33
40x44: 29 27 35 36 28 27
50x46: 65 58 70 54 52 54
49x42: 66 40 47 51 54 55
47x49: 38 35 47 41 29 49
42x37: 40 37 40 36 47 38
44x37: 31 23 26 24 22 41
50x44: 35 34 40 40 36 38
45x42: 53 36 43 52 46 58
50x42: 51 52 46 55 57 62
36x36: 44 23 39 28 37 25
42x43: 51 58 47 42 34 49
43x44: 47 48 54 46 40 56
38x49: 26 36 35 24 36 35
47x38: 51 49 37 45 49 45
46x41: 51 43 44 48 51 52
42x44: 41 39 41 59 50 54
41x40: 51 37 44 35 41 42
41x37: 32 39 53 33 40 36
47x46: 42 56 24 33 27 43
50x39: 44 36 25 30 39 33
50x43: 52 58 45 57 60 60
47x40: 39 38 55 50 49 56
37x44: 46 38 43 36 46 40
43x48: 51 45 67 57 37 59
48x44: 58 45 51 63 52 55
35x46: 53 32 44 47 30 40
39x50: 45 24 34 42 27 36
43x39: 49 42 41 44 39 43
39x35: 46 31 31 33 29 39
35x41: 27 46 41 33 45 31
46x48: 52 31 45 39 34 39
41x45: 37 56 41 49 55 49
41x45: 35 21 35 29 42 32
43x35: 19 17 28 32 26 32
41x49: 39 27 30 40 30 41
41x46: 20 37 39 32 34 32
49x47: 50 54 62 64 63 61
41x49: 38 38 30 35 25 41
46x45: 57 40 55 53 50 60
38x46: 48 50 44 40 44 44
49x46: 53 34 43 37 31 41
49x46: 41 41 31 40 43 44
42x47: 32 35 44 27 31 40
39x46: 28 31 30 32 38 35
44x41: 28 33 27 29 26 39
35x44: 19 26 33 27 24 25
36x36: 28 31 31 34 39 36
45x44: 52 54 40 53 47 60
45x46: 37 36 32 43 31 45
44x42: 43 60 49 47 43 46
35x39: 34 37 38 28 35 38
44x47: 57 64 43 55 48 55
45x40: 38 54 49 43 43 52
43x37: 35 26 31 18 33 24
44x36: 34 27 48 40 40 51
48x45: 45 44 47 40 30 34
50x37: 41 34 27 30 28 31
46x50: 56 61 55 62 61 60
40x43: 25 39 26 25 40 26
42x43: 38 45 52 47 41 55
49x48: 46 39 35 40 39 57
45x40: 45 47 49 36 53 46
48x36: 20 33 34 44 37 24
38x36: 30 42 44 44 25 29
38x43: 43 35 45 50 40 38
40x50: 56 49 39 49 54 60
41x41: 30 27 24 26 33 29
39x43: 39 37 51 47 42 41
43x50: 52 47 59 58 49 64
49x36: 59 38 40 35 50 46
44x46: 62 46 43 51 65 43
48x36: 28 42 33 26 34 28
41x35: 21 24 27 22 31 18
47x37: 38 28 21 33 28 32
37x49: 42 40 44 51 49 52
37x35: 35 29 29 37 35 34
46x44: 66 59 47 41 45 54
48x44: 61 49 46 64 61 44
38x35: 22 23 19 28 22 17
36x45: 34 30 35 27 21 32
47x37: 40 69 41 46 50 29
37x45: 47 34 45 36 47 44
41x47: 47 52 47 47 52 52
41x50: 56 42 56 49 47 62
38x43: 23 30 34 30 30 21
46x49: 55 54 68 51 74 43
45x41: 32 32 40 31 30 30
37x40: 28 28 39 37 42 51
35x42: 31 28 26 23 27 18
47x35: 43 41 31 42 50 46
50x50: 74 62 70 63 65 50
49x42: 43 51 59 65 47 53
39x40: 40 38 42 43 32 45
49x40: 45 51 59 58 51 39
36x48: 33 33 39 27 23 36
37x35: 25 22 16 23 22 23
50x40: 46 30 28 31 37 36
37x48: 49 38 49 56 38 43
38x38: 22 31 23 23 26 19
43x40: 27 31 35 27 32 30
45x49: 63 61 52 52 63 49
45x48: 39 41 43 40 42 35
49x45: 51 67 60 53 53 58
43x43: 19 30 34 36 39 37
50x49: 43 46 35 49 36 47
47x37: 30 28 23 32 23 43
38x39: 21 27 36 15 30 27
41x40: 35 46 45 45 32 51
38x43: 26 23 41 19 29 29
43x44: 44 50 44 49 61 44
46x49: 54 51 56 57 62 65
36x43: 43 40 40 42 39 35
44x47: 34 38 36 28 35 38
36x36: 26 34 40 27 42 30
47x40: 57 57 39 41 57 40
38x38: 18 30 19 19 30 28
47x48: 58 50 66 51 60 59
46x40: 26 35 42 37 26 29
37x36: 40 27 31 34 34 37
37x45: 44 37 45 38 51 39
50x44: 63 52 51 54 50 67
48x39: 42 50 51 42 56 47
38x48: 39 36 25 32 28 31
38x42: 37 41 43 43 46 36
43x39: 57 40 39 54 32 37
50x45: 43 41 43 39 41 33
45x38: 35 37 29 29 22 27
48x37: 40 27 29 29 37 30
42x49: 53 49 61 53 51 49
45x45: 46 58 52 62 51 46
49x49: 43 43 37 39 45 48
38x44: 24 30 30 30 28 25
45x41: 48 55 46 39 48 49
40x46: 57 47 43 53 43 41
40x41: 28 28 38 23 31 21
38x45: 30 28 37 27 32 26
43x42: 35 39 28 31 28 34
37x44: 48 46 40 34 45 38
38x46: 24 28 36 29 33 30
47x40: 42 36 24 37 32 24
49x50: 65 55 55 69 64 68
40x39: 27 27 24 25 28 37
47x35: 44 31 43 54 39 41
40x44: 34 27 29 30 27 34
37x38: 48 25 36 32 42 30
38x39: 27 32 23 25 21 27
35x39: 25 19 23 22 29 24
50x43: 60 53 56 46 66 48
50x39: 39 36 38 29 31 35
40x44: 38 25 35 27 26 31
38x48: 48 46 39 48 44 56
48x50: 38 50 41 50 46 31
35x43: 35 40 40 45 37 36
47x37: 23 30 32 34 28 33
38x36: 14 24 17 30 32 26
49x50: 55 33 52 30 39 47
47x37: 55 40 41 41 40 49
37x47: 26 34 28 35 31 25
45x45: 50 53 31 65 41 74
40x46: 33 40 36 26 28 32
50x36: 35 59 56 41 50 39
45x49: 38 49 37 31 41 43
39x37: 27 29 22 25 31 21
43x39: 29 29 30 29 36 29
50x44: 35 31 30 32 48 47
38x37: 26 18 29 24 20 26
42x49: 49 39 61 59 55 51
39x39: 35 31 29 19 24 30
37x39: 32 31 37 41 34 46
42x43: 27 21 41 39 42 26
44x40: 40 29 28 32 22 30
37x39: 46 35 34 38 32 37
36x45: 34 31 26 35 28 25
42x37: 46 44 37 44 38 32
49x35: 36 28 28 24 31 29
48x36: 30 29 38 30 34 31
49x43: 44 37 33 45 39 25
40x46: 45 41 49 43 65 38
35x39: 25 29 23 21 24 21
40x45: 37 18 39 43 28 29
45x48: 64 52 58 51 56 50
48x41: 41 34 34 44 33 22
44x44: 60 57 53 49 37 44
44x44: 55 52 51 52 43 46
42x37: 38 26 22 32 25 25
42x49: 48 49 58 53 57 51
40x41: 23 36 20 36 27 26
50x35: 47 57 49 44 42 34
46x40: 51 51 45 59 41 39
35x40: 40 36 35 37 36 32
49x44: 37 37 28 39 39 43
45x45: 30 36 33 40 41 44
49x35: 33 36 56 46 48 43
40x44: 45 61 41 56 29 45
42x42: 31 34 41 34 32 24
39x36: 18 27 22 29 31 28
45x43: 45 49 56 44 47 56
44x43: 57 47 46 57 43 42
42x37: 21 16 40 24 28 39
40x37: 37 42 34 36 40 40
49x48: 44 43 31 44 45 48
43x38: 38 37 55 46 45 30
36x43: 42 38 34 41 34 49
35x46: 30 20 25 36 25 28
43x48: 35 44 39 31 35 39
42x35: 26 18 30 21 29 30
36x42: 35 31 19 30 23 30
36x37: 23 17 24 26 23 31
35x36: 41 30 34 22 28 37
45x49: 45 36 40 40 45 34
38x40: 41 34 39 49 35 36
50x48: 66 62 59 57 57 68
43x36: 37 38 50 41 29 43
35x50: 33 29 31 36 21 25
39x47: 57 58 55 36 37 41
45x36: 25 39 29 21 34 32
42x50: 50 45 46 68 65 49
40x35: 27 36 47 32 36 37
44x38: 36 48 44 49 51 32
46x39: 39 39 62 44 46 44
38x49: 54 43 54 44 51 39
36x38: 18 19 25 32 35 15
40x39: 35 26 42 44 46 44
49x44: 57 66 43 75 46 51
49x41: 50 50 54 59 37 60
42x40: 48 51 47 44 37 34
46x37: 45 48 42 40 45 43
41x37: 26 16 27 33 28 26
35x42: 43 32 41 40 35 34
47x35: 30 27 23 28 32 24
41x47: 33 34 29 32 31 36
35x45: 36 41 38 56 40 34
41x50: 41 36 32 35 33 30
38x39: 27 25 23 34 26 20
41x46: 33 37 24 39 32 30
43x36: 22 24 42 27 32 20
42x35: 25 21 28 25 29 25
48x45: 49 54 63 54 60 52
37x39: 17 33 28 28 28 22
45x43: 56 57 50 42 52 42
37x35: 28 24 25 15 21 18
45x38: 27 29 38 28 39 19
50x46: 57 61 42 46 67 80
43x45: 54 48 47 60 37 53
47x37: 51 50 39 50 44 36
44x46: 57 62 47 54 46 49
45x41: 46 43 46 55 44 50
38x46: 36 22 24 29 28 40
42x49: 39 35 30 41 42 36
48x44: 52 64 49 53 56 54
42x50: 69 43 59 53 48 48
46x36: 44 36 52 40 34 47
46x36: 27 23 27 34 36 33
49x50: 48 32 43 48 34 51
39x47: 28 24 34 35 40 34
40x36: 41 38 26 37 39 41
39x45: 29 38 33 32 34 28
40x48: 39 36 38 32 31 32
44x39: 34 41 20 32 24 30
42x42: 25 31 41 32 37 29
35x46: 29 35 25 27 24 25
47x40: 53 54 53 39 38 53
46x50: 60 64 58 68 60 47
48x47: 67 46 56 52 67 55
43x40: 32 33 25 30 28 33
36x40: 31 21 30 27 28 19
38x35: 21 33 14 22 18 23
49x44: 32 43 33 35 40 40
45x46: 57 56 61 50 54 41
40x35: 26 36 43 31 38 41
49x50: 61 59 58 77 63 60
39x41: 40 37 32 48 47 42
45x36: 34 36 26 28 20 36
39x48: 46 51 53 46 56 37
35x44: 42 39 33 32 40 50
41x45: 42 56 47 43 46 52
42x36: 33 34 32 49 51 34
45x36: 23 27 30 38 37 24
45x41: 38 39 32 21 27 37
42x40: 32 33 31 30 22 34
39x37: 25 24 26 20 28 32
48x39: 31 33 32 36 27 48
37x47: 30 37 20 34 31 28
41x50: 57 61 46 58 48 49
44x48: 66 43 59 46 55 52
45x49: 32 55 36 32 43 41
38x46: 37 50 44 32 55 51
47x36: 47 48 34 45 42 46
49x47: 63 78 47 53 69 49
44x40: 50 43 46 49 42 41
50x43: 41 33 35 34 40 40
49x36: 39 27 37 34 24 30
50x48: 58 59 47 70 74 62
48x47: 33 33 47 33 45 48
35x49: 50 54 41 38 39 44
39x50: 37 36 32 25 38 40
37x43: 45 42 35 45 41 38
42x49: 45 43 63 51 56 56
35x50: 46 47 40 52 38 48
46x39: 52 37 59 40 40 45
45x46: 50 61 40 66 65 41
40x48: 31 34 35 30 31 47
48x42: 40 46 36 27 36 39
45x37: 42 49 40 47 44 37
40x43: 46 46 41 47 42 44
44x43: 34 35 27 28 40 31
47x37: 38 52 37 53 43 48
43x48: 39 40 38 33 40 33
42x45: 59 37 54 43 51 43
41x47: 56 41 46 48 49 54
35x40: 36 33 30 38 37 41
37x47: 32 27 31 31 33 25
48x41: 47 43 55 37 56 61
41x50: 37 49 64 47 53 64
36x38: 29 30 34 32 43 41
44x42: 39 47 29 20 35 25
42x41: 39 44 47 49 44 43
50x38: 47 57 60 49 37 45
40x39: 43 37 42 45 41 32
37x38: 37 48 42 30 31 31
39x45: 27 28 31 37 32 40
47x50: 23 50 43 40 47 36
48x47: 28 37 45 46 42 41
45x38: 50 33 56 50 33 39
50x35: 51 44 42 58 43 33
49x43: 66 58 51 49 53 48
43x41: 48 54 42 32 55 41
49x49: 57 63 62 62 69 57
45x45: 40 32 49 32 34 37
46x37: 39 28 33 26 26 27
47x40: 51 33 44 53 47 58
44x35: 42 38 46 40 29 42
43x45: 47 51 34 61 46 61
37x47: 41 48 48 46 43 43
39x37: 32 41 38 35 40 37
44x36: 25 23 21 34 30 35
43x50: 39 34 34 41 42 34
36x43: 37 59 37 39 37 35
48x46: 53 61 60 56 58 53
48x42: 49 52 55 49 53 52
45x41: 35 36 34 32 23 34
37x50: 35 33 32 33 29 30
49x42: 50 59 52 54 54 50
38x42: 27 31 19 26 31 34
38x50: 50 43 47 43 52 55
35x45: 23 35 28 28 23 28
42x38: 41 46 43 31 41 44
47x39: 31 37 26 34 28 38
39x38: 35 31 40 42 42 37
40x46: 40 22 41 31 31 29
39x39: 25 28 32 30 26 27
47x43: 45 59 50 49 54 56
42x48: 33 37 31 39 40 44
35x46: 34 28 53 40 48 41
35x49: 34 23 30 31 22 36
45x44: 38 32 25 35 43 36
44x50: 29 43 41 37 40 33
43x44: 42 28 21 36 36 32
48x48: 65 52 61 69 61 46
50x46: 38 41 38 44 43 36
46x47: 56 50 59 52 56 58
38x49: 26 36 30 40 33 27
35x48: 45 45 49 42 41 37
42x48: 35 38 38 33 47 32
44x38: 22 29 28 25 33 30
35x41: 25 27 22 27 24 17
35x43: 48 38 36 41 36 33
45x35: 27 16 30 32 29 30
39x35: 32 35 34 40 37 33
35x37: 32 39 33 33 33 31
42x37: 39 41 39 48 41 33
45x47: 68 49 50 59 52 47
46x35: 41 39 36 40 48 43
42x40: 49 45 37 35 43 49
49x42: 37 54 52 65 49 62
36x35: 27 25 21 19 21 19
48x38: 57 42 44 44 49 43
42x47: 45 50 44 51 58 56
42x50: 59 41 55 55 53 57
47x40: 46 54 55 55 43 39
39x45: 34 32 37 30 29 32
38x44: 36 53 50 47 38 37
40x37: 24 30 23 27 30 22
45x41: 50 34 32 23 24 31
47x39: 52 48 38 57 50 39
37x42: 43 45 42 40 30 41
42x36: 28 33 28 33 28 18
37x39: 28 26 30 22 27 22
39x42: 36 35 29 22 31 28
47x40: 63 54 34 53 39 49
37x37: 19 34 20 27 28 16
44x42: 24 24 52 29 31 35
49x41: 41 55 51 64 44 57
36x46: 42 42 31 36 43 60
36x44: 22 31 28 27 27 32
39x45: 35 40 51 54 41 49
43x44: 46 39 58 58 43 46
48x41: 46 66 52 46 54 43
35x45: 35 40 49 51 35 34
42x40: 49 37 42 36 44 48
48x42: 53 60 59 39 48 52
38x46: 25 30 31 24 34 35
49x45: 63 45 58 63 54 54
41x48: 62 45 45 46 51 52
46x38: 34 28 37 22 29 30
41x41: 21 25 29 30 28 36
35x37: 21 19 23 23 15 30
45x48: 35 33 47 41 39 45
43x36: 28 22 25 31 35 27
49x44: 38 38 47 26 41 34
44x42: 36 38 28 28 28 38
41x37: 49 37 42 37 38 30
50x36: 30 50 54 51 57 37
35x42: 35 27 22 27 24 19
39x49: 29 42 38 29 36 34
47x44: 55 52 50 52 53 56
44x47: 31 35 29 39 33 42
46x39: 27 34 36 30 32 35
38x50: 37 30 30 30 35 29
48x39: 36 35 32 36 37 32
40x41: 32 23 25 28 31 30
49x40: 39 37 27 30 41 33
37x36: 37 36 39 36 35 23
46x39: 53 40 48 41 42 50
35x46: 33 31 20 26 28 26
46x50: 59 62 69 58 47 60
48x42: 33 43 37 32 35 44
36x35: 28 34 32 36 29 36
50x36: 51 43 45 50 47 41
44x42: 47 38 53 56 47 42
35x37: 28 25 40 39 30 36
36x42: 16 39 35 30 23 25
43x40: 29 32 29 26 31 34
36x35: 33 34 21 42 33 33
42x50: 53 30 39 34 32 36
38x50: 49 59 49 51 43 45
39x35: 30 21 22 23 23 23
46x37: 49 40 46 44 44 38
42x49: 64 48 46 50 55 52
40x38: 39 34 35 42 46 37
49x48: 67 67 64 53 52 60
39x40: 31 29 32 29 24 23
36x38: 23 25 23 25 19 29
40x43: 44 43 46 48 36 48
40x44: 29 29 28 31 44 20
48x35: 44 45 54 42 39 35
39x46: 55 44 45 35 47 48
43x40: 43 45 48 43 38 48
42x46: 42 41 34 31 33 28
36x45: 28 31 21 27 35 37
37x45: 42 34 37 49 38 55
37x45: 41 42 44 40 46 43
42x45: 57 40 44 43 48 56
38x40: 45 42 31 46 32 40
39x49: 38 32 27 47 40 24
41x46: 38 50 55 48 51 49
48x40: 29 36 39 34 32 37
49x38: 42 56 52 55 45 40
49x38: 49 39 44 59 46 49
38x37: 33 32 13 24 22 19
43x46: 32 32 40 41 26 38
49x46: 43 44 34 50 35 33
35x46: 42 35 36 55 46 34
47x40: 30 37 29 39 29 31
49x41: 42 34 30 36 33 32
50x48: 45 36 43 41 45 45
36x41: 46 50 30 33 29 42
47x37: 45 46 56 50 37 35
36x45: 31 32 24 32 31 30
41x48: 30 44 29 36 28 41
41x45: 41 54 50 54 40 48
42x38: 24 28 28 38 27 23
47x35: 28 50 42 37 43 55
39x42: 35 47 42 43 41 46
43x42: 46 47 44 36 53 51
40x37: 22 29 28 31 22 24
45x42: 34 28 32 45 32 39
36x44: 50 48 42 33 29 43
46x39: 47 28 34 30 26 29
36x40: 33 41 34 30 49 35
37x42: 31 27 35 14 28 33
40x35: 26 29 28 19 25 16
35x45: 35 31 41 42 44 47
37x42: 19 30 30 29 25 35
49x36: 34 27 37 27 36 31
46x40: 59 41 46 35 55 44
38x40: 27 29 28 21 19 32
46x45: 28 43 34 34 50 35
50x43: 54 53 63 60 44 57
36x42: 37 35 32 53 45 32
40x44: 46 26 47 48 51 48
47x41: 29 39 32 34 31 30
41x37: 33 45 41 35 42 39
39x42: 25 31 32 29 29 35
39x48: 47 49 59 38 51 43
44x48: 41 34 35 42 35 36
40x48: 49 51 50 56 38 53
42x43: 26 42 34 29 36 28
40x45: 54 45 49 41 47 40
40x42: 44 41 38 43 47 45
44x40: 34 26 25 24 30 42
42x39: 49 30 31 51 46 43
47x47: 40 32 41 37 34 41
42x36: 44 36 39 32 36 44
39x44: 47 48 40 54 48 30
45x50: 51 71 46 71 51 62
35x41: 18 23 28 27 18 29
38x46: 31 36 25 25 31 32
41x42: 40 45 40 40 46 54
41x50: 57 54 47 60 53 46
46x41: 48 45 50 59 42 47
49x37: 50 45 43 33 50 56
36x47: 25 28 24 34 36 32
42x44: 51 47 46 37 58 44
41x44: 23 35 25 26 34 39
50x46: 42 47 37 43 31 39
43x37: 40 43 42 35 47 38
47x44: 69 47 42 54 55 50
42x48: 35 42 29 41 42 34
46x46: 65 48 62 46 49 53
49x35: 45 39 52 47 46 34
50x44: 52 38 37 31 40 26
38x45: 38 22 29 25 31 34
38x36: 47 38 44 24 28 29
46x42: 40 46 51 67 48 47
46x36: 26 32 34 31 25 32
38x48: 47 40 41 54 43 55
41x37: 42 42 36 34 37 43
47x50: 40 40 44 31 50 35
39x47: 55 46 41 41 49 49
50x40: 53 42 58 56 44 53
36x49: 34 48 52 43 53 42
42x42: 29 31 32 33 32 38
39x39: 33 25 34 22 28 27
49x50: 68 46 63 74 63 60
48x37: 46 33 41 52 46 53
35x45: 28 31 24 23 29 29
36x47: 41 42 48 29 51 47
45x50: 54 58 56 48 66 63
48x49: 48 39 39 39 43 48
39x39: 37 46 41 45 37 31
39x38: 38 47 41 33 31 40
42x40: 37 46 39 45 46 47
37x38: 25 22 22 32 17 26
36x40: 39 30 49 31 37 33
38x35: 28 19 21 22 18 23
36x50: 33 31 32 30 36 30
37x42: 44 41 40 35 38 41
41x37: 30 28 27 22 27 22
45x43: 40 28 31 42 34 35
38x44: 21 31 31 25 34 25
44x40: 35 47 40 62 43 47
49x40: 47 53 51 52 49 51
46x35: 26 28 22 25 32 31
43x36: 22 21 40 30 30 24
42x49: 56 58 44 56 51 54
36x43: 25 26 23 32 33 29
50x42: 57 57 51 45 57 56
43x43: 58 46 46 39 49 45
35x39: 45 42 28 32 29 36
40x50: 52 47 55 53 48 52
41x46: 27 30 35 31 37 35
41x45: 30 27 43 34 25 36
45x48: 32 49 36 33 56 33
48x35: 47 32 41 40 43 52
38x42: 40 41 38 43 41 43
49x44: 32 37 35 37 40 42
43x41: 29 26 33 30 24 39
39x41: 45 36 32 35 44 52
47x35: 31 21 25 31 31 25
49x44: 44 48 61 64 50 64
37x42: 32 24 27 26 27 32
49x43: 30 45 40 37 44 27
45x35: 42 43 51 25 43 37
46x48: 57 78 63 42 51 53
39x50: 38 39 36 43 25 26
36x42: 30 42 41 40 46 35
37x35: 35 30 28 42 35 30
48x39: 30 38 32 33 44 31
39x38: 27 25 23 26 30 25
42x39: 34 32 25 32 27 32
50x49: 49 66 61 70 74 59
44x41: 49 44 41 46 56 41
47x48: 59 55 54 53 62 63
50x41: 54 51 45 65 55 47
39x41: 40 50 37 41 44 37
37x44: 22 22 31 29 31 33
42x35: 27 26 23 21 26 30
35x50: 35 33 30 33 21 24
42x38: 36 47 36 45 43 41
47x47: 33 34 42 35 44 36
42x46: 29 38 33 43 35 31
38x50: 32 33 41 30 27 29
35x41: 34 45 36 48 39 23
49x46: 41 44 38 50 32 34
38x35: 18 18 23 23 23 26
37x48: 43 55 44 43 50 41
50x35: 46 40 39 36 55 51
40x47: 33 28 34 24 35 40
43x45: 49 53 55 35 51 54
36x49: 23 24 36 43 38 27
44x49: 36 29 38 45 41 34
48x39: 55 46 45 51 41 50
43x37: 27 30 22 29 26 33
42x39: 28 18 34 33 31 38
50x49: 65 60 72 60 68 51
49x36: 30 39 36 26 32 29
37x39: 29 37 38 35 40 43
41x37: 38 35 36 42 49 33
37x44: 33 28 30 29 24 23
40x36: 29 23 27 18 31 28
46x36: 44 37 49 32 44 46
39x48: 38 48 42 46 63 51
41x39: 37 26 31 18 29 27
46x40: 35 26 28 38 29 38
49x47: 32 38 50 41 45 34
48x36: 34 34 31 35 28 29
40x40: 30 29 27 27 30 25
35x43: 34 24 31 17 30 18
47x38: 32 35 37 20 27 28
38x46: 43 44 50 45 43 44
48x39: 41 37 33 26 34 36
37x41: 27 27 29 27 17 29
42x44: 35 34 22 39 19 46
35x45: 44 43 36 52 31 39
40x47: 32 23 44 34 30 31
49x37: 31 25 37 28 38 33
36x39: 38 43 35 26 41 34
46x43: 27 33 33 30 48 39
47x49: 42 35 39 39 37 47
43x43: 46 44 55 42 47 49
35x39: 35 32 29 32 39 42
49x46: 50 44 33 37 34 41
48x39: 26 37 41 36 37 31
46x44: 61 50 45 57 46 53
37x48: 39 38 51 42 54 47
47x35: 45 55 42 41 32 42
38x37: 37 30 28 24 46 48
37x49: 46 51 47 37 53 45
37x35: 36 34 35 29 30 35
49x49: 43 43 46 49 36 39
39x36: 31 31 23 22 25 24
41x36: 32 45 45 41 30 37
41x42: 42 49 43 47 47 39
39x46: 28 34 28 35 37 33
45x42: 34 39 32 40 33 31
43x42: 52 45 50 55 39 38
46x47: 37 36 38 47 35 32
44x50: 59 51 58 49 50 69
42x45: 40 53 53 40 50 55
48x49: 37 38 55 52 34 40
43x36: 34 31 25 26 32 20
41x49: 35 35 29 34 34 41
44x50: 36 40 40 44 27 36
37x38: 21 24 19 28 24 27
36x38: 31 31 35 39 31 43
44x38: 40 44 48 36 42 47
37x40: 28 44 40 39 40 39
37x41: 46 37 32 31 47 39
44x46: 43 53 56 51 48 61
39x49: 34 40 33 37 21 42
48x49: 44 55 44 39 34 39
36x38: 27 22 21 26 23 24
48x49: 38 43 42 36 49 47
43x40: 51 35 47 29 48 50
50x35: 24 18 28 43 29 33
44x48: 37 36 44 34 37 35
39x44: 34 30 23 30 33 32
46x49: 51 59 58 54 62 63
38x48: 38 26 26 31 30 40
40x50: 47 59 54 49 52 49
42x42: 38 35 29 35 35 23
40x47: 51 37 49 47 52 50
38x43: 35 39 46 43 44 44
38x46: 47 48 39 45 44 47
50x35: 43 48 45 49 47 39
38x47: 34 25 30 25 33 32
36x48: 44 35 41 48 45 51
42x35: 40 35 39 34 33 44
43x40: 42 43 41 48 51 40
36x37: 39 33 33 28 36 35
46x39: 31 36 34 29 28 36
49x39: 56 50 44 46 42 56
42x49: 33 29 47 35 48 31
43x36: 43 41 47 41 37 30
36x41: 47 43 39 31 33 35
43x46: 57 53 54 50 43 48
40x44: 40 35 58 59 43 35
48x42: 48 47 49 58 54 54
48x38: 54 49 47 44 50 37
41x43: 33 29 28 31 33 28
49x37: 41 46 49 46 43 54
35x41: 27 20 24 22 24 26
42x40: 31 21 32 36 28 34
48x46: 41 43 39 37 51 28
50x42: 63 60 42 46 53 60
35x44: 31 41 43 41 38 44
49x40: 57 52 45 56 41 52
48x47: 36 51 39 43 35 35
37x39: 30 42 30 31 41 49
39x38: 34 40 39 38 41 37
36x46: 39 49 46 43 34 46
41x49: 37 30 38 33 33 37
38x38: 36 55 33 19 44 38
44x44: 22 40 42 31 25 35
43x47: 28 36 24 36 41 45
40x38: 16 24 27 29 34 25
47x35: 44 37 36 42 48 45
45x35: 23 32 27 31 22 29
45x39: 35 47 49 46 52 42
45x43: 40 52 53 39 60 53
43x46: 41 37 36 26 32 38
50x45: 44 31 32 52 40 40
39x36: 36 47 38 27 41 29
41x50: 35 41 37 23 38 33
37x45: 46 53 35 41 45 39
50x43: 51 64 54 50 56 58
35x48: 42 46 44 40 48 39
36x47: 33 35 28 31 32 21
43x43: 42 35 35 31 25 27
47x41: 50 39 44 50 48 63
36x38: 18 25 32 23 19 27
41x35: 38 45 32 34 39 35
48x50: 51 74 67 61 65 55
47x35: 26 25 26 29 31 27
35x37: 34 29 37 25 41 31
46x42: 29 45 34 35 30 36
50x35: 25 34 26 28 32 31
39x37: 33 18 18 17 38 32
35x45: 43 37 44 36 39 42
47x45: 40 34 45 39 39 28
41x35: 41 37 32 36 41 34
47x41: 36 56 53 52 52 50
48x36: 35 44 49 44 49 45
44x48: 47 58 56 60 54 52
50x43: 57 63 48 54 55 56
35x49: 33 32 33 27 22 29
35x38: 27 37 40 44 31 28
37x37: 27 25 22 25 25 20
39x46: 28 33 32 39 35 28
39x40: 34 37 22 29 20 26
44x49: 45 50 52 59 63 62
47x37: 32 48 51 53 38 48
37x49: 31 33 26 33 29 40
46x49: 57 51 65 57 62 53
36x49: 27 26 43 29 27 39
38x35: 26 26 22 14 26 17
38x47: 45 39 46 52 40 52
45x46: 34 33 38 49 36 35
50x35: 16 25 34 29 39 32
41x48: 48 47 47 44 58 57
47x46: 53 59 55 50 53 63
45x44: 58 48 49 51 51 47
50x40: 42 32 35 37 28 34
40x39: 25 29 36 23 32 24
43x44: 43 49 48 53 45 54
39x35: 25 32 16 24 27 19
36x37: 28 22 26 20 15 33
42x35: 37 33 33 43 43 37
41x43: 41 39 28 20 22 32
40x47: 40 34 34 24 37 26
39x37: 32 29 21 15 30 29
49x45: 36 37 35 51 29 51
41x45: 31 27 40 31 36 30
48x44: 33 40 37 35 35 44
47x42: 49 57 61 45 40 53
43x42: 46 46 46 53 32 56
36x50: 51 48 52 47 50 30
44x42: 49 37 44 58 45 50
44x42: 37 39 31 26 27 36
35x49: 31 29 28 35 24 29
50x44: 51 34 58 68 67 56
48x49: 38 48 41 28 52 49
41x47: 44 44 53 55 56 44
46x39: 43 48 49 47 49 41
37x49: 36 27 30 34 38 27
36x38: 29 31 26 52 27 47
50x48: 61 52 56 70 62 67
36x35: 43 24 29 28 29 38
41x43: 46 45 37 50 42 52
46x46: 44 32 36 43 42 27
42x36: 30 21 29 31 34 22
41x47: 52 46 40 52 49 57
45x39: 42 29 30 45 23 26
50x43: 48 62 53 61 61 49
49x49: 34 49 45 41 46 41
41x38: 29 18 31 20 26 31
45x46: 46 50 52 60 56 55
50x47: 38 36 41 43 40 42
43x38: 20 29 27 29 35 28
41x38: 44 29 45 41 37 41
45x42: 59 44 48 43 48 47
50x43: 57 57 60 51 47 59
46x36: 33 23 31 24 33 36
35x35: 16 23 20 24 18 19
50x47: 45 36 49 31 36 43
44x37: 40 30 22 23 25 28
35x44: 28 32 22 19 24 29
40x44: 38 29 24 27 31 32
38x45: 32 32 27 29 29 31
37x47: 41 47 40 47 45 49
43x39: 43 44 40 39 42 50
36x42: 36 38 41 33 49 35
47x46: 33 37 34 38 30 52
45x43: 32 38 24 34 39 42
47x41: 54 58 41 55 50 42
39x40: 26 32 35 30 25 20
48x49: 67 51 54 71 59 59
46x42: 43 33 33 28 34 38
36x37: 48 31 33 25 34 32
37x43: 28 27 32 24 21 36
47x49: 66 58 57 57 61 55
45x48: 34 47 40 40 40 38
42x50: 58 51 60 51 47 55
50x46: 75 41 64 60 58 51
36x36: 24 20 18 39 18 25
36x38: 41 49 32 29 36 27
36x46: 25 26 37 33 25 34
38x47: 49 44 44 43 50 44
37x35: 33 24 34 34 37 35
44x46: 35 30 42 38 35 29
46x42: 31 34 39 43 26 37
39x40: 39 45 31 36 47 43
45x44: 37 30 42 34 31 35
47x45: 44 35 31 33 34 47
35x47: 46 41 36 48 43 40
45x42: 47 37 57 50 50 47
45x49: 47 33 37 36 53 33
49x44: 54 43 66 59 63 44
40x49: 37 36 37 31 34 33
43x38: 35 36 53 41 36 49
35x42: 26 31 26 24 27 19