-5810
-243
4555
-1317
-3540
-3678
-9763
2032
3702
8874
-5905
-5186
-3686
-4034
-6350
9839
311
6529
-5531
-8497
7830
-1180
6763
4532
1612
-1254
-6625
8342
-4630
8415
8144
9215
-6536
9957
8242
3667
3431
4856
-4032
-348
-2304
3673
3282
-695
795
-5794
2695
8388
-9964
3431
5173
-2550
-1712
-4745
2045
1978
-9788
-6306
8504
-6663
-9345
-737
2095
-2833
-5370
8063
5403
6428
2169
-3707
-9317
-5725
-4521
-2889
8502
-12
1256
7291
-1642
-5392
-7327
-5746
3080
4171
-20
3645
405
-331
-5739
7364
2325
-8678
-7722
7058
-2668
7495
-5903
-1150
5812
-8315
-543
6437
7411
3540
5943
2711
-7518
-682
-1384
-9182
-7349
-3867
2921
-9466
-9294
-2628
5263
-7613
1987
6509
-1777
6495
8320
8911
-1245
4581
1208
-1839
8705
3702
-7635
-9206
-2226
-5515
2704
-7028
-396
1745
7568
2793
5370
-534
-1148
-4987
5459
2730
-311
4102
-7148
-4470
-9547
-5780
-5760
-7431
-3929
4561
-2214
-2922
-1455
7465
272
9296
6517
4049
9668
3127
7998
7180
311
-8413
-9467
2191
3134
2281
-557
9253
-8720
-1312
1435
8842
2794
-6567
-9287
1752
-6458
-7528
-2792
-8932
2409
-5186
-3545
8478
-893
4150
405
9843
8645
6201
-8729
-9188
-8498
-608
-6771
-9644
-7528
376
6976
4714
-2139
4418
2527
7062
6419
-6532
-3292
-9317
8119
-8690
-7694
7134
5985
5762
-7518
13
-4831
-4067
6667
-7758
3062
-5498
7073
3851
2139
4071
2694
5900
6524
-5875
7402
-5652
572
7590
-3336
9862
3126
1218
-998
9512
-6036
-6244
-2597
-9997
4016
-2997
-1631
-5875
3062
9972
3891
-8103
-6288
6262
9311
-2856
-5150
-5708
-1783
3820
-5848
-7352
2560
-6419
4452
-6023
-5718
-6616
-8411
1901
4673
-524
6767
5735
2910
2016
-5630
-6707
-6980
4032
455
-1187
4535
2658
-3961
-5105
5662
-5047
-920
-3110
-919
3357
933
8127
-7306
-3392
-7812
1069
-6986
-2107
8407
-3417
4641
-8977
-542
6933
6096
1174
6968
-8447
1720
7407
2198
6159
-9123
-9429
-9899
-8399
231
2865
6537
-8142
-5676
9004
-8038
-2284
8178
4900
6868
-3438
244
-9790
9833
-588
-9195
-5158
-7611
-6388
-4609
5685
-5122
-5152
9947
-520
-2039
1849
66
-2502
5365
-8894
5568
-7003
6979
6739
7501
8336
9359
400
1301
-9801
5093
5442
7412
8245
2783
-1733
-9160
-9881
-3059
-7306
1085
7675
-722
-9560
-6302
-8012
-9600
43
534
-5288
-1891
-1278
4865
-9912
8719
-1746
-8099
-1455
410
-1422
-3677
5156
-9709
-3996
-7005
-3583
-5730
-8544
7781
-9644
-8550
9368
132
-6686
7762
-8767
-1015
-9667
8896
-4217
8948
3909
5111
766
-8240
-7206
-8947
6243
1174
-4497
7590
2128
-2737
8955
-9831
5457
8433
-1788
-3635
-2639
-1382
-5264
-7895
8504
-1454
-4338
6129
-3847
-2214
2616
-3977
-5850
-9474
-9756
7816
7990
-2434
-6795
-2286
8648
-5027
3120
4632
-2889
576
-8419
-1455
7010
5339
-3414
1933
-6885
6345
-2954
-5588
2965
-1648
3457
2230
-2222
5494
5545
-2304
6006
4880
-1798
-7020
-7533
-8237
6237
-7630
-2181
9627
-6882
1441
4210
-7039
-6218
2558
-4744
-8295
1363
3824
-6772
-4891
-8770
2844
7979
-1640
8615
1242
-3923
2456
6019
436
5204
3425
394
2444
-5748
-7806
-4551
6010
7133
-8357
-977
-3803
-7192
8050
4422
2662
9951
-2724
-6182
9781
5077
7731
-9161
7743
-4631
2069
-9789
1933
9670
-6618
-2631
-4432
-5512
9879
4082
5934
5345
-5088
8460
1104
4513
-9836
2723
-4926
7559
-2775
9354
5253
-2097
3986
4367
6466
3267
-9790
-501
-6992
2783
6332
-5775
6863
-3524
-2739
7870
8975
8479
-6028
-3988
4473
-8768
-9035
1873
-9834
6001
-2872
2132
-6340
-6738
-2787
-6128
7149
-3158
6332
6120
-6228
-4966
1593
6735
8504
-1853
-9667
4040
-8661
-4344
5786
-5160
6001
-6590
-122
-7995
6968
-8131
516
827
-3149
7326
-7090
6501
-9767
7716
9547
-4575
8249
2307
5638
-3292
-7079
-9974
2335
-8124
-3260
1593
-3989
3536
1069
2146
8897
1125
-4995
-6727
834
-5746
-6048
2907
6850
4485
5451
-7241
9053
1287
233
8985
-2571
9241
-2467
-1149
1621
1038
3562
4156
4849
-5433
-3014
-8675
-701
-4670
-7433
-2133
-8433
-807
-3483
-4128
-830
-3885
-6580
3194
-2370
6797
6626
4837
-692
-7504
-9095
3153
8615
-1659
-6799
-2564
6681
9368
-6085
4809
1428
-9668
3926
-9335
-7307
5626
-3209
-5727
-7378
-9958
-3550
-5433
-3570
-8940
1115
-8395
-9301
7213
-4521
-6924
1318
8100
8606
4640
-2097
-4377
-4076
-3849
8980
2422
-3453
977
596
4760
1287
-4619
-9001
-9624
-9215
3395
4903
-2702
-287
-7426
-3084
4518
9692
4962
6085
5907
-463
8176
-6877
-2562
3754
4678
7727
-1678
-4810
9215
-5130
5033
2224
-2370
-2466
8185
9123
5471
839
-9251
5952
-1096
-3368
2790
-7119
-7476
1968
9811
-5213
5723
-3243
6509
4561
-2812
2664
-4699
-9180
-9443
-7415
1595
8950
7550
-3615
1242
-5875
-4129
-2039
3149
9447
-2539
4102
-2645
4539
-2199
-361
504
-98
3440
4047
9235
9458
538
3206
1233
-2191
4217
8748
8407
-8007
-9144
9717
-6745
-5240
-3334
3153
7311
7682
8950
4535
-2690
-5043
5519
-5922
-6790
-8710
-5242
4874
-1320
5832
-7042
-7815
-7789
7772
-5263
849
-7452
1055
-5186
-3477
5257
-5793
-8778
4441
-8788
-935
-9389
2804
8836
-4407
7999
538
7451
2886
-7635
-6567
6477
-9612
1151
1201
-3838
6350
583
-760
-7053
6332
-7928
-5016
4952
-677
4513
4938
562
7731
-3271
7870
-7677
-9982
4120
-2479
17
-6261
-9501
-4104
-6179
-8157
7012
32
6350
883
2788
-2657
7491
5832
-5111
9206
-63
5960
1905
7769
-5801
8858
-3861
5045
5127
8201
2370
-3883
2516
-7761
-38
-1010
-7352
408
-378
405
-2538
6740
4044
-4170
-4492
-3796
5669
-5280
4409
-241
-5083
-9375
-539
2898
-667
1147
6865
-814
-5711
-2048
-5832
552
5033
725
4017
7339
-9238
6756
-22
4575
-3300
-3117
7644
-8139
-2598
301
4799
-1641
-2176
3570
4408
6084
9890
-6821
-5027
-3548
8626
3876
-2416
8874
3516
-104
-6056
2324
-1235
-1383
8545
-4708
7364
313
-4910
-122
-1462
4938
-1079
8403
-7414
1514
8622
-3201
431
-1929
5307
-5390
-5031
-4590
6208
4342
-6815
-6378
1794
-5484
-6728
8230
-8605
-8864
3300
5568
-3472
3705
-1381
-7438
-1407
9137
2231
7699
1112
2893
-3155
-9412
-4871
4576
9650
-3149
-5120
1526
-8599
-2519
-5938
5723
-3822
9677
3161
-1090
4978
3876
9364
3054
-2508
-394
-60
-2158
9550
-5389
1635
6910
-7360
7958
-9211
8082
-8497
-687
6760
8591
605
-7247
7105
5291
6014
4994
-2244
4779
-4304
-8470
-2774
-8612
2164
-4422
7210
-2452
4385
-5458
3172
-759
-4384
-2346
6477
-3014
6387
1037
8272
-5808
-5278
-7443
-9587
-825
4144
-9217
-5191
-124
-7948
8225
8355
6932
5985
-8147
5510
-3158
-8909
6668
1111
-7057
-4675
7979
-7089
-6992
-9903
7994
6569
-6921
4279
-6193
-7956
8322
1762
-3583
-1485
-9864
-8062
1875
3991
6120
6311
405
-2038
-5981
2200
847
-3534
8335
4992
-2235
-1037
-226
-8325
6294
8468
-4304
-736
7816
2874
-919
9604
-5217
-990
-3257
6486
2436
-7696
6783
5809
2347
2307
-9398
5644
4190
8478
3357
-8295
150
7520
-3692
-357
-9696
3080
-3782
-347
-1379
6805
7104
7863
1301
9252
4107
-2147
-3796
-4782
-7534
1879
3498
-7590
3326
-7806
-6506
-7507
7216
-9394
-1357
-6532
-7301
-1827
-2459
6612
3033
8355
-1172
7400
99
-2194
-6388
8209
1555
4348
-1661
-2853
1629
9843
-7493
-9693
-8466
-9996
109
-6052
-7236
-4057
9630
-5433
-8140
9117
2965
2535
5206
8689
-7433
3382
1442
1179
5495
-4306
141
-5630
2434
6079
2391
8186
8102
-311
-4492
3245
6609
-1324
5730
-6158
9686
9586
-7241
-7532
2377
-5069
-6912
-4758
6806
-4173
-6568
-4355
8768
-1000
-8886
-8955
-3183
-4777
-9453
-5198
2370
7160
-2600
5417
-5198
-2757
7871
-7250
9354
-85
-8061
-9453
-6622
1974
5149
246
4620
-1958
9521
663
8822
2618
5484
-4878
6686
-5584
6979
-3438
-8063
-7390
957
-7245
-7540
-2688
8608
9078
-5260
405
1887
-7426
-8886
5861
-6149
1884
115
3860
-1573
908
7251
-798
4141
-5991
-3634
-3993
-7003
9910
-63
-3028
-6128
981
-8327
-8782
-8861
1253
-9700
-7796
637
-6796
-182
-2377
2748
4092
5655
-415
6499
2892
-4712
8752
-1522
7657
7172
-3694
2598
-3794
-6602
-142
-5143
-9763
-7761
-9558
-5163
-1424
-7724
1479
-4954
3428
7411
-9017
4311
-3607
6499
7530
6335
7741
3542
2229
4246
980
-5458
311
3063
-7452
1542
-520
3433
-3690
-440
-8470
-1341
5485
-610
7204
-9697
9589
-4926
-4545
-2178
-2041
-6764
-5542
-6472
5198
-1286
7379
-6305
8499
-9269
8563
9220
-7443
-4180
1261
-55
-1776
-2472
-145
9088
-7149
-7724
-8714
-5044
8362
1443
4733
-3271
6227
8591
6292
-5889
3632
4017
6001
-9315
5350
6357
-9453
9677
8137
-276
16
4553
3433
-3149
6968
1242
-7399
-6880
4464
-8075
8480
-3440
8606
6524
5484
-3109
-6246
7238
535
-9753
-663
-657
6482
173
1112
-2434
8303
2012
-4202
1130
-1996
-325
4753
5040
6104
201
-3944
-8098
-9565
-2640
8225
-2046
-5980
8000
-6625
150
1918
5582
8760
-4693
-3748
-22
-1691
2448
-1374
6442
1909
8011
4521
811
1620
4837
-2156
-6944
-636
-6630
-6536
-4708
926
-4701
-4548
8248
-2544
-3974
-9443
51
599
7710
4080
3643
-7570
6491
6529
7644
-4075
-5072
5754
-1673
-6613
5889
5582
-7598
-5547
-6163
361
-9467
9895
-8139
-429
-3323
-6716
-442
9619
-2669
-6490
8915
4155
-6935
5520
2173
195
501
-7881
-5440
897
-8612
3250
-3749
1767
637
7364
122
-8377
-934
-2924
-5213
9864
-3038
1772
9489
-9116
3962
4016
-348
-8250
-2514
-1433
-8150
-2889
7925
5730
-104
2483
605
3464
-2023
9373
9077
3966
8378
-9388
5961
-305
7578
-9104
4532
-3444
8592
-191
6176
-6411
-160
2052
-7806
-7941
-5698
5886
4090
-9695
-7995
4561
4081
2434
5786
9424
-6204
630
1504
-3681
-3638
-2759
-7910
1806
5309
-9853
4860
7164
-6180
9474
-936
2672
-9450
-7456
-1079
3865
5617
-5860
-9375
-6543
-7053
6770
-4304
2224
8975
5392
-7731
-7518
67
3232
592
-6824
-5666
620
-1583
3517
8915
6089
9268
-5389
3433
-6638
-9394
4880
-5590
-6163
-1172
886
-2402
-7294
5229
-1002
-582
2763
-5717
8851
-9013
1875
6980
6954
4419
-2130
-4021
4632
-3337
-3540
-8797
-7869
2734
-8068
-7910
-4683
-8199
-2876
-5244
-3378
-202
8572
-199
7900
5794
-8232
-124
-7967
-3921
1827
1268
1042
-1834
513
-7724
7319
744
4191
-5459
-1099
-831
-1577
-4584
-313
6871
-7467
4710
4379
4152
-243
-7096
-8691
-4622
-2145
-7295
1526
6691
-8227
7220
-9643
3643
-4000
-9013
-647
-7281
-8467
-7975
-9759
1446
5982
9805
1593
-1545
3425
3090
8848
7851
6609
-1261
6775
7046
-7040
-3717
4835
883
-5300
-109
-7985
5582
-4877
-6305
-2667
-4660
1190
-5130
5179
7514
9532
-6859
7746
451
2629
405
-6785
-8913
5969
9329
6544
-2986
8150
2395
-4966
-3647
-6796
-7321
5593
320
-550
-5847
3962
-5542
7305
-7537
773
-7493
-9983
-9558
7235
-2706
-2282
-55
-4758
793
-7229
5175
-4148
4865
2477
4181
-437
9206
6099
1806
729
7380
-4521
5699
-7799
-3181
-4990
-1451
4102
-4536
5201
2186
-9958
-3613
-8970
714
1068
-875
7348
-7225
3823
-1876
1301
-2639
3357
4708
-1485
3093
-3313
2676
-17
-9783
6562
-7521
7801
-6158
-7811
-5639
2871
8813
-4180
1256
6375
1158
-3131
2249
2319
-7795
-4584
1738
4581
-7352
-3464
-1962
2584
4861
-3958
9937
3276
-6977
1685
2230
-4649
-7598
9608
3584
-3550
3340
-66
3784
5732
6333
3655
966
2763
-8550
674
3178
-7622
955
6712
-520
-5178
4939
-3292
-9544
-2373
-7719
1377
7218
4021
9498
-4905
5823
-3369
4418
4865
147
4715
1057
-4217
-6038
5960
5016
-348
6975
-3347
5545
8333
-7995
6320
6227
7325
-8169
-4701
4666
408
8902
8756
3371
-3495
-2081
1849
4472
-7253
6954
-1195
-324
6442
-9585
9251
6596
-8699
-4398
1675
8890
6533
7858
3417
8239
6782
3478
-5562
-9401
-8757
-8996
-1901
1117
9564
4517
-8291
-442
-9536
5254
-8124
2854
-5174
-2953
-3699
7319
-1532
3171
4459
199
-6386
6910
5246
-9727
-311
4206
7958
-959
-881
-622
-5127
6569
-9084
-5497
6961
-5780
2687
7333
7605
-2239
-6013
-5291
-4651
2658
123
-177
5772
-4329
-616
-9700
-3794
-9567
-7588
8847
-346
28
-9450
-4470
4194
-6759
-640
7460
7540
722
-8511
-2097
-5209
9951
-6374
4788
3248
5622
9109
6775
-3711
-8332
1848
-2559
8710
4354
-2576
-737
-7235
6979
-9795
9179
-5332
2577
1128
-930
-342
-1502
-346
-5937
-6454
-2640
-2660
4013
-3512
9088
6798
-7670
-248
3530
5365
-7568
-4604
-5150
6190
8860
5243
-2951
9422
-3676
-5621
-6616
-3038
-8891
3093
-1816
5582
599
-3292
7481
-20
9793
-2833
6227
-5742
-7425
1086
387
-7227
1384
1095
1101
-534
-6790
-9065
9314
-9955
3784
-3524
-8111
-8907
243
-1036
-2595
-9536
-7806
-300
-4930
6686
97
8768
-1783
8820
1330
2190
-2222
-344
5598
-7378
-8892
6159
-4800
-8890
-895
3876
-1464
-7966
-89
8082
-4800
-7450
-7018
-6296
7975
1318
1620
6289
-6342
9424
4120
-1079
-7504
8040
5656
-480
-5493
-7718
-475
271
3632
2800
-8697
2724
-883
8760
845
273
9807
7593
1261
-6962
7108
9478
5669
9201
7860
3530
-1293
2424
9880
6053
9373
-6417
7565
-2090
-2296
6745
1089
-756
2911
-944
-3293
5305
7898
-8139
-6158
224
8649
8239
-4187
6120
5024
2987
2370
9536
4255
-6618
-4958
9810
-5214
3248
1221
7809
-5562
8744
9914
6951
-3298
9801
-5528
6015
-284
381
2891
5779
9708
-1673
-7696
7238
3834
6350
-8955
-1691
-3822
-1678
3581
3611
-8907
-5626
7364
6865
6483
-7966
-7653
-8012
9249
3337
-6859
6603
1134
1847
-7121
-2121
-1455
-2107
4719
8277
-8406
908
5308
7079
-7241
-1544
3556
8369
-4705
8615
-7246
4212
-1312
8494
9904
-2176
1688
4962
1497
9396
-6272
3969
3319
9976
-2189
91
-6459
-9188
1123
5640
3603
6686
894
-6049
2045
7783
7425
-1928
-1143
5664
-4475
5745
1042
1170
3569
4578
-119
1612
-7465
-4367
6290
-8281
-1468
-9881
-2954
3886
-6631
9382
-1856
2689
-401
9359
-6580
7881
1038
-5191
1147
5150
-2041
6190
-2649
-6665
-1158
-5639
9684
-3001
2908
-1944
9864
-3220
9890
-9363
7352
-4798
2436
-4374
5430
7730
-7954
-9683
-6393
-6131
-1687
8173
-2023
3124
-8078
-5795
-6986
4621
7172
-1379
1470
-8291
-2916
-1356
-2596
4587
-3823
6760
-4461
6601
-9286
-9891
-1339
-2117
-5132
1612
-7207
-9133
3338
6944
6173
-5404
8987
8000
7564
-5712
-2902
-7674
-753
2844
7856
6854
1431
-1305
1111
1510
3858
9052
2692
6852
-252
5685
7062
-6824
425
9398
6313
8522
-4306
-8970
7016
781
-5160
-7051
1026
-6374
-9272
-429
-5562
-6417
4719
-5781
-6526
-2641
8967
-8865
5494
-5115
-4505
-591
-2576
6477
332
174
5246
-2434
-9170
-3819
-6792
1992
7724
-9837
758
-5991
-9576
-6651
2190
-2098
-7655
-3287
2923
-3632
-6075
5936
-2125
8363
-1603
-1224
-7111
5832
-5498
4922
6006
-4304
-8467
6025
-2265
-3515
-4725
3170
8870
4224
-7294
-1697
-8190
-208
5350
1847
-5165
-348
8248
272
-5175
-9213
-275
-123
-2331
-7040
-700
2638
3108
-610
-416
3417
1221
-6735
-5483
1703
-4859
5510
6924
-8408
9359
265
7598
-4937
1385
-1467
7325
4673
-950
580
2993
-308
-8248
5952
3990
6824
5491
-7227
4059
-7650
2636
4235
-6385
-9899
7762
1932
3153
6442
7657
1945
7205
5345
-8695
4102
2273
3266
-3131
7393
-5969
908
-9744
-172
7719
-5966
-9960
7216
-4994
-2340
2527
-8651
-5963
-9345
-566
-6156
-509
7796
1945
7898
-4407
-3131
-6580
2355
-9760
-6699
-8847
-9084
5622
-4343
-8063
1512
1887
-8530
-1901
-5760
1694
-626
-6536
-6730
-4920
-1245
-269
3497
-2655
-8395
-3109
-934
-2277
2468
8141
-8327
3916
1526
-5703
-1415
4408
-4708
4379
-2173
8436
-524
2490
-2464
4505
3311
-710
773
1709
-348
-9554
6070
-862
-9859
9359
-1788
-1356
-5450
-5165
-2421
4200
4635
6610
7280
-6854
-310
3581
3725
-9064
4278
-313
-2187
359
-1642
-4399
-8077
4064
-4150
-3566
6894
9587
9864
6603
-4165
9665
-760
-4407
6079
-823
-2687
329
5593
9221
7579
-4110
-5935
-8541
-7518
-5792
-3451
712
2180
-5497
1668
-9
-718
5511
4561
7328
451
2969
6562
-8811
1735
7894
5644
-8584
-2250
-8806
-5991
1822
521
6624
-2602
3969
2583
-22
-4378
9781
-4275
-3265
-27
-2008
3570
1424
8173
-277
-4601
-4304
-7806
-6879
9098
-9443
-5611
8878
9587
1151
9876
-8781
-2675
8468
1992
1061
5869
3093
-6128
7544
-736
8086
-6882
2282
-8921
-4145
-1037
827
4290
5014
855
-3314
930
-3944
6983
-3317
9310
-6446
2527
8669
-735
5069
738
4579
7181
-6677
7216
-7780
-8921
-3982
-1158
4354
2243
-9496
6401
6227
-2008
-8083
-7495
4044
3063
-1172
-717
6304
-6813
17
2094
9673
-1824
925
-9551
-8230
8572
-4920
-1048
5006
3227
164
3830
766
5257
-5869
-1218
8832
8929
8363
-8980
3227
-8558
-4519
6788
378
-5012
6865
6211
6603
9070
5006
-4660
-3648
-3678
-1076
947
-2781
-5288
-1094
-5930
-5494
-6631
-2304
6517
141
3060
1109
-1187
-3480
-871
9909
5366
3873
1645
8663
-5528
8610
-2914
-276
9848
3823
3766
3761
403
4138
2793
8060
6201
-9411
1933
4179
-5566
4938
521
5459
-9262
8640
-5069
3090
2590
9150
-2646
-5548
-2735
8060
-2954
7337
-663
6318
8427
-6716
3833
451
832
-128
-3634
3842
-9471
-9389
4958
1891
-8036
5876
8973
-7207
-3417
5587
7422
2616
4686
9222
696
-7426
-5554
8305
4022
6053
2981
-5613
-2169
44
6818
9384
7654
4369
3206
-7911
-2301
-4891
-236
8811
908
-6169
7559
-8569
-9668
-3988
-4363
-3862
-8822
-7088
2062
-8138
-1626
-5195
-7696
6015
-5684
2919
6596
-7140
-913
-1935
-6419
-8138
8546
2788
9935
-7192
-1422
-1227
4472
-6307
-1928
-4129
-1034
-1389
9567
926
2422
-5708
9200
-7253
-6823
-1683
-6
-1469
8018
-5948
-2641
403
-8380
-3106
7460
1236
8197
-174
-7327
1983
5259
2334
599
-6994
-8190
-5251
7981
-5027
-8978
-5204
-1633
-9101
2370
5457
-9558
3855
-5308
7992
-7246
5593
3921
7260
5979
-2016
9481
6932
5888
-5348
6726
6877
4308
9359
6323
-6037
-5115
4679
8906
-1503
5051
-6222
214
2335
-5883
-4972
9166
6270
488
5408
8035
6145
4212
-7438
-8131
7607
5431
-2509
-1495
-9746
1389
5037
-4107
7738
-6978
-7070
4632
-9009
5626
-9061
-786
-8036
1618
7597
44
-7462
6217
-8804
-9727
2979
3784
6653
-2093
5850
1621
7319
-3338
4325
-1777
-3259
4871
1850
8226
9968
-3820
-8123
-5282
-7446
-1777
9621
5663
-397
-9012
-8574
3951
6985
7217
2568
6577
-4793
-137
1502
-2023
5745
-8083
-8710
6356
-5447
-9612
8286
5567
-4536
2951
-1469
-3477
-3123
-5240
7310
4092
-5792
7349
-9116
-6405
9388
-5717
-1276
-6196
3108
-6231
6086
9316
4407
4720
7705
7231
-1223
-8978
-8097
-5727
8226
-557
-3141
-1642
-3701
4568
-9558
-7508
1115
2709
6798
-5780
-1126
-9541
-4304
6517
8183
6772
-7760
948
-6048
7349
1971
6577
1983
9011
4418
-1022
8919
-6931
-4129
6962
-7923
4617
-9668
6700
5358
-6820
3153
637
8076
4453
3018
-4920
925
-6077
-3278
7265
218
-9834
2424
-3232
5037
-1597
7549
9726
8480
-222
-3856
2335
-5160
2970
-7679
2991
6256
-3397
-5105
9206
1562
3939
-1558
529
-3197
9884
6206
-2391
-6443
7514
-8028
-5051
7140
4074
-5157
-7679
8502
-1538
-2967
252
7851
-9790
8602
-9
2207
5116
-5590
-3959
-5438
7876
-2578
2958
9882
8579
-8425
9129
9397
-308
-7236
-5332
-3737
-9030
9381
437
7716
1719
6850
-9667
3543
44
3681
-323
9957
-5330
-1500
-2538
2009
-2616
5006
-9270
8889
-2434
-2052
6923
-4676
5176
929
5526
4363
-8785
-3243
-1932
5829
6464
-792
-7529
2273
2462
4108
1932
7627
1053
9506
9274
-7711
-8326
1707
1685
2076
1984
-6927
-5165
-6485
-6
2434
-6822
8100
7818
115
-2978
-8413
-9876
-1588
-3935
-4604
8506
8260
-1835
-8690
-9619
-6026
-3511
5558
5373
-7148
3682
256
-5163
-7119
-5420
-5832
7553
-5806
1917
6923
2268
2236
7328
7145
-3913
-5072
-700
2886
6892
732
9364
9538
-4104
-8161
403
-6663
-1634
-300
8320
2636
7710
7731
1716
-6876
-9335
5179
4089
9080
-692
-9900
1111
-2834
-4833
-9011
3682
2713
-2747
4972
4978
-8281
-4017
-9992
-7119
4335
-4344
-8399
-9237
-2005
5545
9684
3967
4533
2193
6954
-878
827
-4232
5949
-2090
-5488
3347
7917
-3993
-7671
-2488
-5905
9674
-1775
-5739
5417
-9487
955
8034
-4464
-5332
2238
-7516
-6736
-1079
-6415
-4788
3842
2882
3284
7719
7291
-8125
9106
-2770
-4930
-115
-3699
4086
-6128
6728
3478
5543
8687
5935
-5047
3962
9088
-4228
-9116
6603
-817
-4831
-6836
5532
224
-2978
-3775
3060
582
9543
9800
-889
-7458
6328
-1566
-736
-840
8489
-6854
-4640
6828
-8734
2468
4219
6201
8973
8242
4141
9290
4992
-1670
-3619
8807
-4532
2793
-1642
-8380
-5733
481
-3340
5536
5647
1299
-3702
-9842
8317
9117
-5124
-3211
-566
6785
5308
-9740
1224
-5717
-8231
3218
8972
-7616
9549
873
-5804
-789
-2029
2876
-1498
-1947
-2162
-9434
-1768
-4975
6529
-5875
-5580
-865
9446
8184
-1190
5048
9369
8286
-5787
4189
2537
1621
-9730
-3570
-3448
1268
154
-7051
3374
2893
-6744
1112
8005
684
7460
9644
-1147
-3538
-2641
4441
8502
6924
7333
7875
13
-2015
-646
-347
-5742
627
-6300
-1967
-6485
-508
3658
-4099
-3996
2422
-140
9403
1242
3570
-9922
3784
-5598
-2888
-1938
2617
-5124
-7696
-1895
-6588
-8028
-5510
635
8767
-3803
-5966
-4218
7979
-667
2844
5024
-5191
5017
7181
-3897
6357
-4360
-8568
6687
-6037
3581
7917
1847
-109
-8576
-2373
6010
4032
4696
7625
9272
150
6412
2852
9393
-4142
115
2310
1907
1562
3665
-6799
-7399
-9422
6895
2453
-9483
3665
8270
-145
455
7352
2256
5961
9903
4144
3062
5769
6289
1885
486
3328
-2145
-4206
3278
5869
5568
-203
4940
-8643
8460
-2752
5518
-8958
-4378
-5548
4071
-9412
7979
9995
-6812
2175
534
8504
5378
4871
1794
-8191
-6446
9111
9532
-5664
3338
3111
-3239
-9368
-7950
1057
476
-5034
-6920
-8847
2795
3755
-1379
9807
-6717
-526
2336
-9443
28
5795
4212
-6182
517
9961
1820
4795
-8497
-2057
-4104
-7149
9769
7065
-1248
39
-9466
4032
-7377
537
-123
244
-8077
-6272
-2517
725
-9180
-9335
3475
3916
-53
9975
-7498
-9507
-2147
6668
-7909
4829
6769
-871
2976
-9087
-5438
6928
6513
-2340
-9386
4201
-7499
-9795
-5566
-8377
-6563
-7200
-4194
-1012
-7151
4622
-7836
4800
-8973
3443
5822
-6202
6428
3425
8101
8119
7767
6536
-1835
-5778
8186
6841
-5727
9384
6062
-9754
-9827
-3706
4041
-3546
9758
-5079
-9795
6275
3417
-9511
2618
-4193
-4100
-8369
-4095
-1036
-4207
-9790
-4033
2444
2818
-5781
8490
4861
4863
4621
-5630
-4622
-4633
6624
6837
-9180
-9666
-1111
7104
2887
-1108
667
8942
-6158
3634
-6000
25
-9953
-4633
-3292
-3384
-3123
-4633
-2741
7705
8293
-1108
-2016
2180
-7148
-5881
9858
-5310
-4407
4978
-5467
6478
2629
-2571
-3323
-5085
6168
-1585
5537
-2508
9187
-1925
-6699
5220
-6704
-3142
-3042
4090
-4419
-8667
-5835
4533
-4633
-6659
1792
-7438
8535
-4828
1762
1425
3153
-1089
-768
-9147
-6844
-5081
2468
44
-9349
4452
2017
-7463
408
-3993
-8973
7382
9821
1618
-7533
-501
-1928
1461
2991
-4062
2384
4508
-7360
3080
9703
5755
-2361
-7518
130
1242
-4675
-1218
1495
-4966
8683
-17
9378
7606
-9412
-962
-5051
4001
-353
-9862
-3397
-1046
-5781
8128
5181
-8414
-1991
8492
2702
-7236
1083
1268
-4011
-9175
-4491
103
6274
-3269
-2912
8915
3562
-2888
-8388
-2932
-8970
9567
-8211
1156
-8623
-5635
1908
-2191
-3209
-456
8571
-8690
-6356
1043
1473
-3540
546
-7715
-9819
-2661
3003
-6638
-6704
-6792
6617
9117
-7202
6526
-5686
-8909
-9344
3784
-6040
9110
8755
-3583
-3209
-395
-1580
-119
9536
2527
3804
-2720
-3867
6311
-9510
5201
564
2781
-6897
-4136
5520
3667
8783
-7612
1407
6092
8610
977
-9862
2190
-4536
-3181
1514
-2584
3166
-1856
5610
-1131
-5081
-5439
-8656
3904
-6408
-7327
-804
3360
5654
3207
2664
-9549
-4963
6923
6800
3753
-655
-3366
-2792
-4808
8803
322
-344
9532
-8275
-2105
-5993
-919
-4604
-1028
3657
3809
-9756
-520
-1417
8719
6710
-5112
-967
-7694
1125
1700
-5143
4465
7607
2981
-6015
9486
2428
-9370
6349
2273
7712
-9429
4900
2563
8543
-3685
-2927
-6201
7509
5239
1654
5700
5157
-7671
8609
-4827
9164
807
-283
4180
5675
-4536
-3287
2996
8153
-4046
8574
6945
1028
6973
553
-2628
8299
5403
7645
6526
2393
-2834
7871
5259
7530
1311
6806
1703
2198
6477
6945
-8232
-1506
-8858
2573
-8488
183
9533
9072
-3748
-7516
-5564
-5824
8858
-1777
2241
1995
3739
-5572
1085
4090
-1651
7796
3398
5114
-8957
125
2396
9975
9972
-4113
-3449
-1242
376
-6807
4357
5558
5067
3311
-7643
8524
-5263
4271
3109
-8746
1932
-4024
9890
1491
4283
9634
3435
-359
7019
-7080
-538
0
-6210
7844
-5620
-7951
-6158
2193
-6692
5430
605
-7917
-8748
1019
9624
5395
-5128
1631
-5623
-9101
-8377
8572
1165
9050
3628
-4546
-3646
2034
-775
-4955
-8156
3422
4641
-5875
3889
4568
-6091
-1278
7071
7426
-2380
234
-1876
-5190
-9414
5243
-7214
5757
-3356
4586
-3540
-9225
-1940
-1128
-9101
311
722
-4934
-5560
8572
-9605
7696
-2860
-4194
-4729
4748
-1631
-1566
-1451
2558
4590
7796
-7875
2792
9558
-4823
1112
4225
-6265
-8291
-4206
8072
463
1357
1539
7719
-2336
-6291
6962
5623
-4910
-4163
-4176
3855
115
6104
-862
1619
-4360
1772
8987
-7507
3427
3062
-159
9258
-5306
-7241
9241
-6477
4157
6201
-3977
6521
5626
9724
-3424
-5564
972
3228
9050
-4321
-6567
2804
-1597
3825
5225
4973
-4225
-4067
-7641
1783
-6261
-3849
-5749
9665
3962
6332
2830
1224
8258
-524
-4366
8277
-8291
7544
3570
4312
-8664
7544
-5515
-9696
1118
-8996
-1506
-7653
-7677
3229
-7635
-6994
-2936
7325
-339
-8446
7491
5638
6639
772
760
-8101
6131
7944
4041
5987
-8036
-4104
4832
-1658
8572
-1651
801
-1455
-9702
2042
9215
2854
9052
2169
-1131
-2016
257
820
2307
1607
-9225
9090
-4046
-5192
-5884
4678
8503
-6077
-7166
8290
-1025
-3670
-1167
-7272
-8446
403
5665
6400
-9306
2145
-6532
-3501
-8077
7909
1875
3039
-8411
6661
7851
6596
-5560
-4681
-1828
7783
9448
-6704
-9900
6968
5167
1496
5377
-1145
635
7578
8277
-636
-3850
8517
-8408
-1046
-3250
3408
4478
1654
-9407
-1566
-5115
-7589
-1768
5336
-126
-7616
3617
3663
-8996
-9069
-3952
9566
4535
-2781
8751
8542
4013
-6482
-640
-6694
1976
3570
-1275
1604
4188
-3987
-41
3619
9276
9784
1151
-6980
1169
1368
9474
-1878
7325
-9571
7851
1600
-3329
9116
2483
-4859
8264
-7456
-1424
-7982
1332
6206
-5156
326
-9595
-9056
6517
3157
-6403
571
-3990
5850
2504
7348
7657
2164
2494
7274
3386
6045
4242
-6628
-8695
-4887
9474
2375
-385
7325
4478
-3536
-1224
5582
-9106
6324
-7533
-2187
-9412
8648
7894
3056
7900
2489
-3222
-1433
9200
-1433
-1674
-9155
7488
6151
-9955
9475
1069
-5244
2795
-7806
5204
3438
-7301
8311
-7345
-4693
1876
965
5358
3109
-4682
6367
8602
7971
2506
4719
1967
6925
7828
1970
-8740
-3750
-878
6185
6661
4958
-4953
9222
6183
2829
-9122
366
4191
-7995
-8075
2490
-447
7256
-1642
-3016
-2189
-3586
2407
1909
-3181
3441
-5704
4255
5336
8615
-4607
-8993
1551
6765
-1642
1224
2335
-5081
9760
-8319
-5143
-4810
3045
1929
8979
-81
-5012
4161
5558
-3269
-1422
6199
-3688
3969
8018
6464
-250
2560
-226
5373
-9021
8973
-6404
50
6770
7981
8286
-347
-243
2760
-3302
-5969
-4969
4581
6027
6993
6819
7962
-145
5940
6878
8388
6418
1242
1807
4620
-7855
-5635
2165
-3952
1759
-5640
2388
5825
1268
3732
3716
1887
-6387
-5447
-8285
5162
-126
-892
5806
-6613
8910
7274
4912
-6986
5973
-310
-9020
4978
368
-5256
8674
-5443
5416
-4660
-3693
1894
521
-4701
9201
9305
9373
175
8567
3549
8835
-9324
246
-3087
6414
4416
-2718
-7507
8578
-6167
7590
6656
-4229
-10
-6756
2410
-8188
-9044
-2735
5951
6089
369
-3670
9405
3584
-5989
9634
9090
-1280
2414
-3845
8035
-5072
-7635
329
-7151
-3988
-6801
3728
1083
-100
1735
7644
-9669
-4297
-9534
-9619
-5165
-636
9977
-5958
-7529
-7616
2015
-4518
-8399
3693
2533
4115
5069
5254
-45
1463
2239
-2631
4071
-2357
6999
-7919
-1895
-3495
7730
2172
1298
3662
405
2676
7185
1877
-6196
-786
-5048
3781
-974
-5256
-6704
5024
6513
3544
-41
-9767
-1384
-9420
6630
5677
-2916
-1090
2911
-1746
6391
-8643
-9666
-9727
4286
-1246
3914
6805
5377
9097
2862
-5358
-313
-6120
410
8939
5898
1205
-7722
-7528
-1500
-7642
-4516
-4188
5591
7524
-5274
4120
5732
-3397
3216
-6043
-7695
-920
-3897
-4142
534
-8366
3115
-1728
4098
-2694
-7696
-9608
-5047
-1108
-6772
1214
637
-415
7358
4880
-9192
5949
-6117
9116
-3379
1794
9090
-9766
-5283
-3702
132
7494
6094
8972
4209
8265
-6079
1871
-2296
3063
6577
1992
-3945
-572
-7927
9385
9400
-9640
-5499
8929
-8710
476
-5081
-811
-1601
2857
-7941
7663
-5952
-8193
-6570
1096
-4305
6168
-3428
-245
-4271
-3921
6544
2800
-9011
-7241
-9300
4196
-328
3652
-7891
-1545
-9727
-646
-1642
-9491
-7766
8854
-8190
-8226
-7518
1162
-2240
1690
7364
-2402
4714
-3551
9665
-3483
-2005
7983
3792
6208
-7618
9474
9684
8402
-7155
-2467
46
7815
-2812
7099
6628
-9586
9803
-5745
7962
729
-6237
4093
7998
-8215
-9140
-130
-3685
3061
5536
4757
-6880
7256
-8612
3347
-7559
-8032
-7966
-1480
3873
-8969
7400
-5128
-1722
9944
-8730
9343
-5085
8648
-8411
-7588
5888
-785
6819
2177
3036
-3748
7266
-7135
-8244
-6482
-885
7777
-6737
-2288
-9324
-6472
-4175
7305
-640
3613
8940
-4232
5076
8035
176
1096
3051
-5739
-829
9927
-7155
8744
1995
-4207
252
8325
-3259
3667
4940
2128
-6428
2537
3441
5253
3655
-501
-8664
-3961
-1495
-6374
8333
9880
226
9779
-1700
-3131
2065
-7766
8265
7058
3570
-9801
7235
-9453
-2277
3864
5145
-9291
6438
2545
-4187
3093
-104
5211
-86
5617
1967
-4387
-9487
-1407
6536
-5664
8647
2436
930
820
-5527
1385
1026
8622
-224
-7286
6285
-5481
1415
-2846
-7927
-277
6099
6710
-6417
4017
-254
-4414
-7686
-6822
4962
-184
9149
1933
3418
-6302
9370
4016
-4212
-2781
-1085
7175
-5322
-6636
7147
-5335
-9328
9021
4490
1169